ic| self.position: [5.998575208182918, 8.000000319462236, 0.23424813520451473]

ic| matrix: array([[ 9.99893609e-01,  3.12517975e-08, -1.45866791e-02],
                   [ 1.64582168e-08,  1.00000000e+00,  3.27067341e-06],
                   [ 1.45866791e-02, -3.27056551e-06,  9.99893609e-01]])

ic| combined_array[:3]: array([[3.88146782, 1.94033527, 0.        ],
                               [3.88166547, 1.8562907 , 0.        ],
                               [3.88185382, 1.77362955, 0.        ]])

ic| tt[:3]: array([[3.88105493, 1.94033534, 0.05661138],
                   [3.88125255, 1.85629076, 0.05661454],
                   [3.88144088, 1.77362961, 0.05661756]])


ic| self.position: [6.001425086235994, 7.9999995484323865, 0.23423920090951014]
ic| matrix: array([[-9.99893561e-01, -9.26848528e-05,  1.45896793e-02],
                   [ 9.26272616e-05, -9.99999996e-01, -4.62313239e-06],
                   [ 1.45896797e-02, -3.27123826e-06,  9.99893565e-01]])

ic| combined_array[:3]: array([[-3.81715775,  0.00607941,  0.        ],
                               [-3.81774139,  0.07287308,  0.        ],
                               [-3.81831884,  0.13973156,  0.        ]])
ic| tt[:3]: array([[ 3.81675089, -0.00643299, -0.05569113],
                   [ 3.81732828, -0.0732267 , -0.05569986],
                   [ 3.81789947, -0.14008524, -0.05570851]])


ic| self.position: [5.998574672810447, 8.000000319582272, 0.23423189103217187]
ic| matrix: array([[ 9.99893529e-01,  3.12724124e-08, -1.45921347e-02],
                   [ 1.64732987e-08,  1.00000000e+00,  3.27189668e-06],
                   [ 1.45921347e-02, -3.27178870e-06,  9.99893529e-01]])

ic| combined_array[:3]: array([[3.88146853, 1.94033575, 0.        ],
                               [3.88166618, 1.85629106, 0.        ],
                               [3.8818543 , 1.77362978, 0.        ]])
ic| tt[:3]: array([[9.87963   , 9.94033613, 0.29086445],
                   [9.87982763, 9.85629144, 0.29086761],
                   [9.88001572, 9.77363017, 0.29087063]])


ic| self.position: [6.0014255145346125, 7.999999548296675, 0.2342262055722641]
ic| matrix: array([[-9.99893497e-01, -9.26848693e-05,  1.45940438e-02],
                   [ 9.26272436e-05, -9.99999996e-01, -4.62451540e-06],
                   [ 1.45940442e-02, -3.27221682e-06,  9.99893501e-01]])
ic| combined_array[:3]: array([[-3.81715655,  0.00607941,  0.        ],
                               [-3.81774044,  0.07287306,  0.        ],
                               [-3.81831765,  0.13973153,  0.        ]])
ic| tt[:3]: array([[9.81817497, 7.99356656, 0.17851843],
                   [9.8187526 , 7.92677287, 0.17850969],
                   [9.81932355, 7.85991434, 0.17850105]])